referrer,views_total,views_unique
Google,9,7
github.com,5,4
Bing,3,1
biorxiv.org,1,1
george-r-heath.github.io,1,1
